9/13:
Intrinsic_mtx_1 [[536.6026767    0.         625.31138435]
 [  0.         532.0022177  370.67394089]
 [  0.           0.           1.        ]]
dist_1 [[-0.13847402  0.29380909  0.00031356  0.00515337 -0.26004232]]
Intrinsic_mtx_2 [[543.78975239   0.         646.22615633]
 [  0.         540.3934841  371.58997402]
 [  0.           0.           1.        ]]
dist_2 [[-0.11558186  0.13552466 -0.00045886  0.00280784 -0.06630095]]
R [[ 9.99998795e-01  5.07363353e-04 -1.46714912e-03]
 [-4.87646146e-04  9.99909984e-01  1.34084006e-02]
 [ 1.47381998e-03 -1.34076690e-02  9.99909027e-01]]
T [[-0.11979862]
 [-0.00023225]
 [ 0.0038107 ]]
E [[ 1.51597282e-06 -3.80724397e-03 -2.83328439e-04]
 [ 3.98725800e-03 -1.60428689e-03  1.19782135e-01]
 [ 2.90673220e-04 -1.19787723e-01 -1.60664870e-03]]
F [[-4.20394304e-09  1.06491638e-05 -3.52313116e-03]
 [-1.11265535e-05  4.51551978e-06 -1.74078543e-01]
 [ 3.69890217e-03  1.73640207e-01  1.00000000e+00]]

 